1 120535434 125535434 centromere
1 0 1010000 telomere
1 248240621 249250621 telomere
2 91326171 96326171 centromere
2 0 1010000 telomere
2 242189373 243199373 telomere
3 89504854 94504854 centromere
3 0 1010000 telomere
3 197012430 198022430 telomere
4 48660117 53660117 centromere
4 0 1010000 telomere
4 190144276 191154276 telomere
5 45405641 50405641 centromere
5 0 1010000 telomere
5 179905260 180915260 telomere
6 0 1010000 telomere
6 57830166 62830166 centromere
6 170105067 171115067 telomere
7 57054331 62054331 centromere
7 0 1010000 telomere
7 158128663 159138663 telomere
8 42838887 47838887 centromere
8 0 1010000 telomere
8 145354022 146364022 telomere
9 0 1010000 telomere
9 46367679 51367679 centromere
9 140203431 141213431 telomere
X 0 1010000 telomere
X 57632012 62632012 centromere
X 154260560 155270560 telomere
Y 0 1010000 telomere
Y 9104553 14104553 centromere
Y 58363566 59373566 telomere
10 38254935 43254935 centromere
10 134524747 135534747 telomere
10 0 1010000 telomere
11 50644205 55644205 centromere
11 133996516 135006516 telomere
11 0 1010000 telomere
12 0 1010000 telomere
12 33856694 38856694 centromere
12 132841895 133851895 telomere
13 15000000 20000000 centromere
13 0 1010000 telomere
13 114159878 115169878 telomere
14 0 1010000 telomere
14 15000000 20000000 centromere
14 106339540 107349540 telomere
15 16000000 21000000 centromere
15 0 1010000 telomere
15 101521392 102531392 telomere
16 34335801 39335801 centromere
16 0 1010000 telomere
16 89344753 90354753 telomere
17 21263006 26263006 centromere
18 14460898 19460898 centromere
18 0 1010000 telomere
18 77067248 78077248 telomere
19 0 1010000 telomere
19 23681782 28681782 centromere
19 58118983 59128983 telomere
20 0 1010000 telomere
20 25369569 30369569 centromere
20 62015520 63025520 telomere
21 10288129 15288129 centromere
21 0 1010000 telomere
21 47119895 48129895 telomere
22 0 1010000 telomere
22 12000000 17000000 centromere
22 50294566 51304566 telomere
